ι1 1001101100. 111

· 1111011 10111010 0111 11,18,1 1111101 1111 uue' 10100 1011011 11101 1,
,11010010110101 11, 11, 41 0, 11
. ,0100 10101011 temporis i, 4,1 eur 1100000000..οε 111, 11, 010110
100 000000000001101110100111,0,11 11110 11,11,10 0110 Troju 118, 10 cu·
0001110000 0010 queri i, 1,0 0110 111 11,1, 11 emungo ii, 1,11 0111
101ιο111011. 11,10,1.11,18,1110100 010111 11, 10, 01 11100 equus 11, 1, 41
1011 8101110 11, 11, 11 0111310010 111, ritum equor 111,1,11
1,11 Auerna iuge 1,10, 18 cade 1110,
AEumo 0110 1,1, 10 010100 1001010 11 lege 11, 4, 08 runnu i, 1114. 11, 1,
1, 10, 48 01010001 opus 111,11,14 0101- 18 000111,11,1 01101000 equus 1110,
001 tuum 100ιο0,010110,001001 11, 111 14. 111, 11, 18 01101011 1111001 11, 0, 40
0100100οο1001 11, 10, 10 vocibus 1,10, 10 0110000000 10,1,10
AEro primo mirer excidit 111, 1, 1 81010010 unguinis lupum 11, 1, 18
,100101 000 uuqurm 1101 puerisue 10· Auen· 111011001οο 11101 00110001 111,
uum 11001100 i. 0, 11 (1. e. 00000010 111 1, 10 (00111ἐο
doloribus 00100100, conficiat Amor). Aiumuur 10100011,1,11 11010011
afferet que 0100010οι0ιο ir, 0, 11 ruscis AEgyptuu 11, 11, 10 Ι
efferet unguenta 10101 111, 10, 11 rriu- 11ιο00101 00100100 11,11,41 coronari·
10001000101111111111111001111101111 1, 111, 1, 41 cupido· 11,11,0011010001,
11, 10 011011001100301 100001 10 11010 10, 10 1011100 diducere 000 00001 Ju-
1001101111,οθ 011010010001110 011001 01101 ipre ii, 1,1 11101100 111,οΙ 10-
10111101 11, 0, 11 0001 111, 11, 11 1000100100011 111, 10,
1000000010 00001 111, 1, 01 11
Amabant 1101 000100 11, 10, 11 1110011 110111,11,000101,10, 10
80011010 10001000010110101111010· Juuo 1014111001 111, 11, 10000110
0100101101 000101 ul, 11. 11, 11, 1. 11,1, 10
Agedum cede 11,0,11 agedum ecn- 1111100 0010001 11, 10,0010011000011
1010100101ωοοωί010 1, 1,11 111010 exequiis 11,1,0 vitre 1001·
Aget 10 01001 tuuc i, 11, 18 0001101- 1001 010110 11, 1, 011
cuin 01110 00101000 11, 1,10 unu 0011 ,1010100000 011 bonurn, 010001 jrur
00οο 11, 10, 10 eget 0011 10 incertum 001001 11, 1011 100101101110001,11,
frigidus Auster ii, 10, 10 13011000 11, 8 cruet 10001101 110100 viri 11011 001
10. 11 (11000111). errice, 0 00011, propel- 010010000011001 1011010 0111110010 1, 1,
111010 equora 001001 111, 11, 11 1 · 8 000 morbi 0111110101 11, 1, 08
Agiubir rigum 001 equos 11, 10, 11 Amator 0100000 11, 8, 10 pulcher 11,
001101 0010010110111010 11, 10, 11 agile· 11, 1
mur 0011100 umorue i, 1,0 eginum 00001018001010110110 111,10,11
fluetibus 11011011 111110 Amice 11111ιο 1, 0, 10 amice 0000101
Agmine louge ribijucerc 110011 1, 1, 11 11, 10, 11 (meretrices)
Agreus 10000 11, 10, 14 rues ii, lu, 00000101001101011111 11, 10, 10
11 1111001001 00101110001011501110 ii, 0101010 plebeio 101 10001011 11, 10,
11, 11 1 0110100101 iii, 11,10 40 rejecto 11, 11, 11 injecto mu. 11
rugum 0000111 corpere 00110101 11, Amicur 11001 111,10,0 eunicus uec
11, 10 :guerre peupuiu ii, 10, 8 1000010111 nuru querendo i, 11, 11
1315. cmi. ir, 10, 0 Amne 10110 11, 1, 10 crucem turpem
001000. 0111 iv, 1, 11 , , , ,,
Au Persei ii, 10,4 011110010101 11, Amor 10100110 11, 10, 10 1010 ΙΙιι, 10,
11,0 010 rub 011100ιο 1, 10,10 0111 ju· 18 reticendus ii, 101 101011 11, 10.
cundi! i, 1, 11 0111 centeri· 11,0, 41 111 'cruc ii, 10, 10 adrerum 114. ¹⁵
Arba cerberus 11, 11, 14 0000010011, eruemur 1, 1, 44. 11, 11, 11. 1,11,0
0,,14 11110 11,1, 10 ubo 0010 umine 10011101,11,11.1,14,10010111 100,
mu 10,1,11 cibor cepiiicu 111, 10, 11 10111,11,1100111111,10,41 1010001
1111111... ι.. 11110811111131. 1111
ffloiifui, 1, 00 1011011111, 11 ium· 01111 ιο-
Α11010010 0111101101οί probet 10101 10111,01,11 0110111,14,11 unicurt
imm 1,11,11 aneriacum imme 1111-
01Ιὶ1 culpem 110110 ir, 1,10 101100 0101111011,1,11101 111,10,0
mm gemm ii, 22, fl Amphor! 10100 11, 1,,11
Auribus maturini· 1, 11, 11 Amph 1110001101ιί. 11. 11 poue

 

