111 1101111111. uix

1101000010“1,14,1 mumma, 11011111101101010101001111
1 1011111111 111,1,1 1011101111 1,1, 10
1101011110111 11, 8, 11 nepotum 01011 111111 snguine Philippeo iii,
111, 1,10 nepotum 1101 111, 11, 41 11. 40 noum 1110111011 1, 0, 10 huben

Nequitia 1101 ignota vivere 11, 0,1 1,18,0 111111οσ101ὶί1, 0, 10 111111110-
nequitia 01100010 1, 0,10 1011111110 1, 11001111,1,10 .
10,1811001011011,0,10 111101 111, 110010111οκ101 11,0, 10 10111
10, 10 nequitia 01011 11, 14,0 110 cucumin 11,1, 44 nou 011 1101 un·

Nescit umrmuguin 100010 01111111 i. 1010111100 101011111,0,10
14,0 0100010110011111,10,11 ape 11010110111111101111101111011 111111,
1111101 virum 11111111,10,14 10101111 11101110 111111 1110111 1011111111-
1110πο100011 111, 10, 11 11111,1,10

110101011110111,1,101110111000010 Nom *11111010
1100011010 1101001110 11, 4,01 Novem 1001101 111,1,11

1113111111 imma 1111111111 11010101 1101111111 10110111 11,0, 10
10001111, 11, 10 , 1111111111,ὓο 1010101 1101111110-

1111010110110111101001111001111,1,1 010 11, l, 01 ,
11101 1110111111 11,1, 11 010110ομ 11, 10,14 1111110111, 10,1

Nitida 001111 111, 10, 14 01111 muneribus ii, 10, 10 una 001 11,·-

1111010 externo 0100111001 11, 11111 ten 11,14,11 0011001111 lum 11, 1111

111101110110010,001111111,11,04 pretiosa 111,11,1 100111111,11,11 11-

11110111 111011 iii. 0, 11 110οί1110111 g'iludt 111,10,11 11110110111111111,
111,1,11 1111111 Adonin 11, 11, 01 11,5 10010 10111, 1, 10 prim 11, 1,10

Nix 01001101 11, 1, 11 101101 1111111 1, Ι, 11 pradum 1. 1,

1011101011οω1011110 001111 11,0 11 1101100011,11,0 longa 1, 11, 11
11001101,10,11 01010 0001110, 11 1101111011 septemium 10-
[10001111100010101111140 fagnei 1110 11,18,01 .
cymb- 11,0,01 1001011110οο0 11, Νο110011001101111111,11,11
um 010111110111111ι111,11,111101101
’ 1100110 1011111 11, 0, 10 1001001110· 11,1,11
11111014 1110011111 11,0, 11

Nucem 1101 pom 11111111 010011 11, Nubibus 1111111 11, 10, 10 nubila 0»
1,] 1100010,1111,1101μ10011,1, w 10- 011011111,4,1Ὶ .
humique 1111010111,ὔ,11 mon 11110111οΙ11 11, 1,11 11ρο 11,1,“1
11111 iv, 1, 10 novet quid 1101 unda 11, pulit 11, 1. 10 11011 Amr 1, 1. 0
4,10 nullum 010Ιί101111 11,4, 11 10- 111010111 paon 11, 0, 41. mit
0011111 1101111111,11, 10 11000111ὴο 0111·οι 11011011 10, 11, 10
potius 11, 1, 10 100011010111110000 - 11111110100140100011010 ego 101

non 1011111,10,11 1001111 10101011 11
1011111 111010 111111110οω 111001 110 1010111110,

110010 001011 111010ςο 11, 11, 10 41110111 quid 0111011 111, 1, 11 11·
Naum 11111110111110011μ 11, 1, 01 101111ῐᾶ101 selim tm 1, 18,1
110011 1011111 11, 10, 0 Numa 11111101 1111γῄ1 11, 11, 10

110111 1111111 10100111 1111110 1101011 11101οω110οο1 11, 7, 01 ,
11,1,111101111111011001000110111,0, 10 1100111111 genu ’1100011 111,11,11
Νο1101011011111,,1, 10 1011110011· 14111111 10011101 1111101 i. 11,0 pn·
pu 1,10,0 nomen 01010 11,1,11 mn 011011μ11,1,11
Jus 111, 1,14 ingenio 1111111111 111, 1, 11111111 11111101 11, 11. 41
11 nomine 00111101,0,10 111011ςὶ- Νςωρο11010011101100111,11,100111·
lm 119118 d.. ᾖν» ‘1³⁵ ΉμρωΙῙΙΙῌΙ ψθ ffi·
11100010 moris 1101 111,10,4 10· ime
0101 01101, ’0111101111το 0101111
11, 14,14 none 1111111 111111, 1,4
01111111011010010111011111100111 ο,
1, 0, 14 1110111 11111111 10111010 ,
1101111 eun 0011011100 norim 111 0001011 spinis 11, 0,1 000111111-
uno· tumultus 111,10,1 norit 1111111(οι 11111,0,41 ο101011110000111,111,11,0
1111111101 1,1, 10 1111 110111 11011101- 000111010010 η111601101111,11,11
1111011 10, 40 1111111110 1110110 ’010 objiciunt-muni 1110...»Ιο 00101-
me 111, 11,0 111111111οκ101111110100 11101 pb·

 

