11111 1111111 ’

1111111121811111111111Η-228811111 211111111111111111111111811111111-
111111ιωί8111”11,8,28111111111811· 111111,8,17
11111,1,18 pudent 111111 11111111 11, 2111111111 111111 1111 1111 1111111 11,
7,8111118111111111111111,7,1711- 12,8
11181111111111 1111111111111, 1, 88 111 211111111111111 11, 8, 28
qnorum 11111 1111111 11, 8, 81 pendebit 2111111111 81111111111111 118 87
11111 Gan. 111 ,1222 118811111811- 2111111111111111 11, 28, 88
11111 1111, 22, 22 2111181111 8111111111 uxor 111, 12, 87
2111111111, 8, 8 ΡιηοΙιὶῑιιιᾳιιΨ 111111, 28, 28
21118111118111111,18,17 21111111111111 111, 12, 28
21111111111811 111, 18, 11 11111111 21111111 1111111· 11111 111 111 11, 1,
111, 18, 22 188
Pena gmion 11, 7, 81 dium 11, 8, 2111118111 111111 11, 18, 17
88 1111111111, 11,28 111111 11111111 111, 2111111111111111, 1, 188
18, 17 Ραι11111111111111111111,18,48
2111811181111111 11118111, 18, 28 2111111111 11111181111111, 17,18
11111111111811111 11111111111 111111“ 11, 211 1111111111·· ιι, 8, 88 11811111111·
8 28 1811111111111,18,111111111 1111,18,1281111111111,18,88 1181·
111811111822 8111111111111111,8,88
Pagarum 1111 11111111 tui 111, 18, 82 211111 1111111’· 1, 82, 22 ptum uem-

1111111111 11111111121111,7,8811118,12111111111111111111111·1“, ,

1111111 111· 1111111111 11, 28, 12 18, 88 1111111111111111111 1111111111,
2111111111·· ιι, 22, 28 11,8 11111111 11 1111 111111’“ 11, 28, 27
2111111111111111111111118111111111, 18, 1111111111 1111111 11, 2, 28 petendos&

82 1111111111111111111111 ι, 8, 81 181111111,1,188 petendu 1111111111
2111111111]οω111111,12111111· 1111111, 18, 18

1111111111 1111111, 1, 18 28181818 11· 21111118111111111, 18, 87

11111111, 18, 28 Ρ11111111011111··11,12,12 plumis
21181111111118111111281111111. 211111, 8, 81

7,8111111111,22,8811111111,,8818 211111111ιί,1.,2811111111,7,82

111818111111111111111 11111,12,18 1111 11111111111111111 1111111 11111111 uu

111 ,111, 1111111111 11,.
Ρα8111111111111111μ828 11111111,,1821 111117111011,8,2
211111111111111111111 ,2,8 111111111111 11, 8, 88
21111111 1111 111, 8, 88 11111··11,18,21μ111111111 1111111111· 11, 11, 12

177111111828,17 Pi 111111811111,7,28
Putem 11111111 1, 18. 2811111· 1121111111 711111“·”111, 18, 8

1118111111 1111111 11211111111111111 2111 11111111 1111 111112111111111,

Ι’,1)1111811111111111, 18 111181 111111 21111110811Β11111111,18,28

11181111,18,88 11118181111111111111,211111111111111111811111111111,12,1

8,8 2111111118111118,8811111111111-
21711811111111111111111,2,8 111· 11111111 111, 7, 8

1111111111111111111111 11, 8, 8 Phene 1111111111 111. 28, 8 111011
21111111111111, 18, 27 1111111118, dum 1111118111111111, 18, 28 1111111111

1111111111111111111111 11, kfflffmpffiwflffl
“Derim 1118111 11111111111,18,18 11811· 11, 28, 18 11111811111111Μ

1111111 1111118118, 12, 8 1111111811 1111181111111111,7,18 pluuium*

11,18,181111111,8,8μ111, niqui· 11111118,871111111111111111111111,

1111111 111111 111111 1, 8,12 11111111 Ι, 1

111111 11111111,12,8 111111111ψί, Ml· 1111111111, 8, 88 1111180

11,8811111111111111111111,28,81111· 11111111, 8, 78

1111 11111111, 8, 27118111· 81111111, 2111111111ώί1, 8, 87

28,1 1111111111111111, 18, 88 1111111 2111111111111111 28, 82

112711 211111811111111111111111811111,82,18
21811111111111188,82 pedm 11181111118118121111111·

mmmm 11112111111111111882

 

