111 uum

11111 11116111111111111 1116111) 611111 11, 11 deun-suque utu 11111 infl-

1111 1111611111· 111,6,1 111, 1,11
1111111111 iu unche 6131111111,16,6 neuim 1111 11111111 111, 11,1 111·

(pro 6111111111 est) 1111111111 111, 1,16
111111111111111 11,16,11 11111111 113111 111111 opu· de 1111111
1111111111 quonium 11 mmo petieto 11, 11111111 111, 1, 16

1616 somno 111111 demissus 11 po· Devettor 16 tue 11111 11, t, 116

wahart· 11,11, 17 puelle 11,6,6 de· 111111 1111111161 11111111, 1616

uinus 11111111 11, 616 1111111 11, 6, 67
111111111111111111 11111111 111, 16, 16 1111111111 11 11, 11,1)

Denegat 111111 meum 1111111 1, 6, 6 de· 11111 111111111111111 1, 1,11 emere

ue tuunquem 1111 miser 11, 16,16 repta 1111111, 4, 16 pauper 11, 1, 66

ique ubi Venerem emptae emto 1111111111 11,11,1 1111 intonsi 11111,

11, 6, 11 qu'u curvum te uidit 11,7, 17 11 (pulchri). 61111 11,1,16 Deo 11111-
Dentibus corrumpas 1111116111 unguet 111 iii, 1, 61 liquido 111, 16, 14 11111111

11,1,1 11,1,66 uon 1111111111 11,1, 16 1111
1111111111 illu dieu 1116111 agnis 11, fuciunt 1111 fruere 1111 11, 111 Dii 1111-

1, 61 1111 11, 111 6111111111 1, 7, 16 ob·
611116111111116111 111111 1, 1, 11 11111 1,16,16 61111111 11,6,16 16111-
111ρί1ιί1 que 111111 ρ11111111111111 111 1,1,611111111111 1,11, 16 megum

obmm 11. M? 111116 11111116 pie 1111 111,1, 16
11111111 Niobe lacryma 1 Sipylo 11, 1111111111 juste iii, 16, 11 116111111ὶῆ,
Depone„ 11111111 optetis 1111111 1, 11, Dexter libro 1111 11, 6, 76 dexteru

17 61111111111111111311611 1, 666 1111 11, 1, 66611111 11111 morienti·
Deponunt te 111161 iu Tibur 11, tm signu 11, 1, 6 61161116111111 116111-
111111111 1111111111111 11111111 11, 16, 1111 111, Μ (1.1. 1111111111)

11 1111111 1111111166 611111 pastu
Deprecor te uno 11111 11,11, 17 111, 17, 11 (1. 1. cunum). dicebam tibi
11111116111111111111111111111111, venturo· 1111111161 61111 1111 nun·

1611 6111116116υωὶ11 tranquillo tute 1111111111 11,11, tu 611 naviget ii, 16,

eymbe 11, 4,16 6111116111 genten 6111 16 61111 6111111111 menne ignee 1111111,

tabule 111, 6, 66 7, 66 6111111111 tuo grette 11, ut,
11111111 11111111111111 11, 16, 17 66 diceris tenuasse vultum 11,1,17 61·
Deme corrupte· 111111 1, 11, 17 ue 11111111111111111111111111111111 1, m

61111111111111111111 11, tute 1111111 161116111111111,16,1661111111111

11111111 11,16,7 deseruissem 11, Μ 11,16, 11 (1. 1. beatus). 61111111 eicco
1111111116161111111,6,1661111111, 1111111111 11, 11, 11 6111111131 111

1,16 desertum 1111 1111111111111111- 1161111111111111,11,6 6111111111δί

11111111 Auum ii, 166 611111111111, Thebe 1,7,1 6111111111 1111 11, 6,6

16,1 611111111111111611 1, Μ equori- 11111111161611111 peuce 11, 1, 111

buu 1,16,16 uberibus 1, 61116 1116111111 complexus 1, 11, 16 (1. 1.
1116111111 fulmine 11111111 6111111, 611111111).1πι11111 11,1,1 6161111 121.

16. 66 1111 1111111 in 1161 111, 17, Μ 111111, 1, 146
1111111 querere 1, 6,11 11111111 peu· Dte· 61111 11, 1611 ntger 11, 11, 11

111111,16,161111111111111111 11,14, 1111111111,11.11 1111111111 111, 166

41 116111111611 1111111,7,78 meum 111111,11,111111111111 1111111111,1,74

sepulcrum lucrymis urgere 11, 11,1 diem tongam 111, 11, 61 die 11116 ung·
1111111111,16, 16 destitit 111 nom 11,16,66(6111111111111).111111 1111,

1111 1, 6,16 16 1111111 11,6,16 (1. e. 1111111). ex· ¹

1111111111 tegna 1111111111 1,14,24 tremo 11, 61, 61
despicit megum 11111111666611111· 11161111 Augustus 111111 11 peetus
111611111111111111111111,16,17 1111 11, 6, 61 differet te 1111111 11111
11111116111111111611111111111111,16, 1111111 1, t, 11 6161111 inviti· 116.
11 46 611111111111111ι 11,1,6
1111111111111111111111 11, 1, 47 niuniu 11111 1111111 11, 17, 6
1116161111 1111111 ceput 11111 iv. 11, 11111111 columnis portium 11,11,1 (1.
16 61111111 1111111111 figurem 11,11, 11 1. 6111111111)
(1.1. necuit). 1111 triumpho· 11111 111, 11111111 intumentium 1111111111·

 

