11 1111111111. xxvii

m 01119199 11, ῙΜ 11199919 91 tf· ”5‘0 ”gissa 17, 0, 118 mim falmin·
mmmm 111
Meu 1111111 11, 9, 99 111111111111 Modus 11111 1, m 11111111 nanum
1111417 11, 19, 99 1111111 iii, 1199 modo· 11.
1111111111 111111 111 19, 11 1111 11, m
19111111111111111111111 1, 9, 19 11191111 firm 11119199 quali· 111111·
Metus 111111 11, 9, 99 111111ἀί111 11, 11111 11111 tuo 11, 1, 99
11, 49 11111111111111111111111, 119 1111111191111111 1, 5, 11 1111111 tub·
Μ11111111111,1, 97 11111111 1195, 111119 111111111111111111,9, 19 ·
9 11111111111111111,11,49 11111111 bne. 111111 1111111, 9, 19
1111111111 militibus damnatis 1119, 98 Μ11111111111111, 14, 98 molum ω.
1111Ιί111 tibi 11111 11, 9, 99 oeni. 5, 1
Militia 1111111111 11111 1, 7, 9 1111111111 1711111 11111 1, 9, 91 11111111, 9, 1
11111 11111111 11111111111 1, 9, 99 111- 111111119199111111111111111111111
111111 11, 1. 197 11917 componere venum 17,19 111111
11111111 quum 11111111 1, 9, 19 ludo 11, 9, 71 gestu ’11, 919 1111111111
Mina· iujustas 1, 7, 19 justas 1, 19, 11191 1111111 choros 1194, 49 lepores
99 1111111119 1111111111 1111189 11119199 1111111111,7,4 1111111111111-
9111111141 1111111111111,19,94 11811111 1111111111111119,19 jm
9111111111111119,9 1,11,18 11111111, 1,19 11111199
1919111111 11111 11111111111111 1111 11111111, 9,
1111111111 improb· 11,4,44 1111111111, 19 1111111111311111,11,41 11111111
1111 11111111111111,1,11111111 11111111111111111.19
111111111,11,99 Μ1111111111κ11,9,9 11111, 19,4
1171111111 tem 111 11111111, 9, 99 Μ1111,1111 111111 11111111 1, 1, 91
1111111111111119 111 1111111 11, sm 11111111 11111 11, 19, 99 1111111111 hoe 11,
1111111111 exurere 111111 111, 9, 7 (1111111911 111111111111111111 11141
11111111 1111111111111111 1111, 1111111111 111111111111111,91,11
47 Mon· 11111111 11111111, 9, 99 1111111
1111111111 11 1111 longum 11111111 1010111111 1111111111111111,9,9
Gallicus miles 11, 11, 17 111111 1, 99, 19 11111 11, 19,7 1111111111
1111111111 ii, 9111 11111111, 1111111 Rom· 11191
99 111111111111111111,9 Moflffllnffiiledem 111, 199
191111111111111111111111111111147 Monstri 11111111 iv. 4, 41 1111111111
11 jun 1111111 111, 11, 1 minatur 1111111111 11111
ιω111111111,1,11 111111111111111 Μ111111111111 1111111111111119, 19
7111111 11,9,1 1111111111 1111111111 1111· 111111 1111111119 1111 iii, 9, 99
1111111191 me 1111 humilem 11111111 mim 11119 11111 11, 19, 99 mon
5, 7, 21 111111111199 1111111, 9,4 nomin
111111111111111111, lm 1111111111 11111111111111 hy.
11111111 eum 111 1, 19, 99 1191111111, berni 1111111111 11, 9, 49
m) Moratur 1111 te 1111 1111 1, 9,1 in
Μ1111111111111111,1,99 111111111- 1111111111 facie· ’1199 quicumque 11
munietur 11111 vicu· 1111111111,1,19 119118 Pboebssm 111, 1,7 1111111111·
11111111Μ11111 1111111 imm quemque 1111 1191 11111111 1111 o·-
1111111111 1111111111 1111111111111111 1, 1111111111 11, 19, 19 1111111111 utinm 11
10, π 111, 19 1111111111 1111111111. 9,99
111111111111111111199 11111111ῑί111 1111111111 111111 11111111 1111, 99
1119 1111111111111111,9, 99 miserum Morum geraram 11, ml 1110111111-
ωεῠμ1111111111,1,1 1111111111 juve· 11111011117Λᾶ11111111111191 moribus
1111 ι, 11, 11 · dans n, ⁵‚7
111111111111111111111,11 1111111111 11141 metiari· 11·
911111 11111111 1111 11, 9, 79 11111111, eum 11, 9, 99 . 11111111 primu 1111111, 9,
17, 99 911111111199, 19 17 11111111 11111111 11, 14, 99 mom·
1111111111111111 11, 7,(19 1071901811ιῆιῖ Ι
Μ1111111111111,17,19 1111111111 Μο11111111119,99 1111111111 119.
11111111, 11 1111111111 mitti· 11 1111,11,11ια111,11,11 1111
1111111111111111 1111111199 1111111111- 111119 1111111 1111111, m 0
1111 11111111 11, 7, 11 1111111111 uberi· Ι9111111 ungue 111, 99, 4 11111111 mun
1111111111 1194, 79 111111 columb· ii, 111, 19, 17

 

