88 itinn

111, 18, 88 8181111118ρῦ 11 ieri· 1111111,18,8111111111 11,8,18

mium& 811811111111111, 18, 8118818811, 10, 88 hunib- 1

fl 81881118 0011181818 ivd. 11 poam ἰ1 71 ²1 1111111111 mii· ιο1
11118111 11 Apidano 1, 8,8 11
iimina 1111111111 1,10,18 1111111111 ..1111111111 1111111111,18,8 hum miii

1111111881111 i. 11. 11 u, 11,1 umga- 11, 11, 11 duas.
111111811111 iniringeie ponii'enui 18, 18 unuin 11,8,8 11111 11,8,11

11111881111111 μη 1111111
11111 i 11111111 dolore 1, 1. 88 Hyacinthos rogo 1111111111 11, 8, 88
isim 1111111 11, 81, 8 8111 non 8111 11181111 tempora 811111 1, 8. 8

111118,1,1111111ω81818,11,11 11111111 18111118,11,18
1111111 nigei 111, i, 88 him 1111 11,

11111111119111188111, 11, 11 Ι 1.
111111181111111111111 legit 11111 11, 8,

18 111811111111111118111111111111111111,
11111111 111111 11, 1,οΙ 1111111111 iem 8, 88 01811 111181 111111 1,8, 18 11 mo

1818881118 11181111,8,88 1, 8,8 11111 1111111 non 8111111 i. 18.8
11118111 nminmgoe 111, 8,8 vidisti 11111111 deun 111,8,18 11111 111-
1111111111181111,18,88 1111111111 11, 111111111111,8,80 1111111311 puin

1,18 historin 11111111 111, 8, 10 11111- 1111111111111 1, 8,88 ι11111 11 utroque

1111881888 81111111 1111111111 11,18, 10 8111181111-
11ο8111111 11111 111, lim 111 11, 18, 88 jaccum 1111111111 11, 11, 18
11111111 din monii 111,81,81811111· (11181111 propr. 111 811 n). 1111111 n·

1111111111 ii, 18,0 relicti 11, 8, 80 1111111181 1111111 11,
1111111811 1181 1111181118, 88, 80 11,88 Ι1111111 1,8,1

non 111111 81111ο111111,8,88 jejuni 111111111111111111111,18,18 11111

1111118111,8,88111111111111111111111111 11 11111111 111 111811 111, 88, 18 jacit

111111 11, 88, 81 81111111 thurin 11, 0, 8 11181 11111111 Deo 11, 8, 88 ι111111 11181

ganeruo· iv, 11, 81 superba ii. 8, 18 jace 1111111181 inilia
11111 1111111111111111111 1, 8, 88 moi· 11, 1, 81 (jacere 11181, 111 ioqui). 11111

¹ 11111 viia 1111111 11, 88, 18 111111111, 11811 11,80, 18 1181111111 1111111118-

18, 88 garrula 111, 88, 18 hom 11111111· 1111 111, 18, 11 11118111 111,88, 18

ii· 11,18, 88 8ο11111111111111,8, 11 11111111 qun 1111111111 1111 11, 18, 18
11111111111111111 1, 8, 18 1111111111 m 11111111 undu 11, 18, 7 11111
111111111111111111111 11, 8, 88 111,8.11]“11111111111111181111111111111111
Honorum 111111 11, 8, 88 111, 8, 10
Enipei 11111111 11,88, 88 1811111111, ,111111 1111111111 11810, 88 111οά ffi,
-Eupiiio AEnonio i, 18, 80 fluminis 11111111 itm· pudiea ii, 88, 81 ιο-

11 1,80,1011111ρ11111,18,88 1111111 111, i. 81

1111111111111811111111111,8,18881 quiutiubagmine 11, 10, 88

1111111111 1, 8, 18 neseio quin 1, im 11111111 1811111111 vigilet 11, 8, 81

{iiiiiiiiiiil‘itziiii ,111181118888118

1.1⁸⁸ ineunt· iv, 1, 111 bonta pag. 11,, 11, 11. 11 tmumuiim'ffi,

111111 111,8,88 88, 10 nigri 11,11,8 1111111 rixis i.
1118111818 1111111111 11, 8,8 811- 18,8

111111 eorde 111111 ii, 18, 8 humum 1111111111 11, 8, 88

11111111 1111111111 1, 18, 88 ictu 1111111111 18, 8, 88 ictu 1111111
1111111111 1111111111 11111 rogaui. 1.10 11, 8, 8

11111111 1111 cumulus 1111111 111, 18, 88 Idoneus 11811 nutus 1111111 1, 8, 88

inmundum 1111111111 Cynthi· Jejuno 11111 11, 8,8

11, 7,8 ignit-umus 11, 88, 88 (W)-
1111111111 duno 1, 80, 88 1111111111 11, dulcior iii, 8, 88 (pro more).igni 1111

18, 10 8111111111 pios 11, 1, 88 1, 0, 11 consimili 111, 8, 88 1111111111υή
1111011118 1181881 1, NA( lltrymi! 11· 11,8,18 080118011,9,881μ111ι1ω

 

