viii 1111111

11111111111111111111111111111111,10,11 11111111,1·ὶ,1011111111111,14,41 plui.
ceuphnetus 1111111 111, 11, 11 doe 11, 0,10
Cema mm 1111111111 11, 10, 11 11- 0111111011011111111111 11, 111, 44
1111111111111111111111111,1,11 chenu ouoeuoe 11, 11, 11 peteme»
0111111111 pai-emine 11,1, 11 iim? 1111111111 111, me
' (1111111111 11,8, 40 um 1111111111, (2111311 81111111 aue 11111 11111111 to·
10,11α1111111111111111,11,4 111111111- rone 11, 1,οΙ cingere Mene 11111111
1111111,1,181111 111 ceput 1111111ςί1 Aonium 111,1,41
111, 14, 11 cneo 111111 11,1, 140 11111111 cinnamon 11111111111111 111, 11. 8
11,1,11 nvos 1111111 11,1,00 (111111111111111 1111111111 111,11,11
canda euperbn puwonis 11101111 11, 1111111111111111111111111,11, 11
u, n 0111111 11111111 rogim 1, 8, 11
011111111111111111111,11,1 11111 per· 010111111 1111111 me mee 011111 doen
111111 1111 11,11, 00 enum 1111 lenite ii. 10, 10
111,1,10 111111111111 11,1,11 111111 01111111 111111 1111101111 111 nure m 1,
utere 11,0,10 18, 181111111111111111111111111111111111111
01111111111111111 1111111111 111, 10, iii. 0, 40 111111111111111111 nomen i. 11,
11111111111111 11,11,8ορ11111111111 11 . . ..
μῦῒὲηᾱιιπῃζέιῖιῗῂωρὴι 1,11, 11 111111- ἓᾘὶξιεῗοιιέἑιῗκᾚ ‘inante' ⁹ 31⁰·
1111111,0,11 cedent 1111111111 111111 om· 11111 11,0,11
namuh 111,11,11 cedente 1111111 01111111.1,11
1,1, 1 111111111011111111111111111111111, Clauderet eum 111 11111111 111, 1, 10
11, 11 comitamini indocto 11111111 1111111111 111111111111, 11 elausit
Virgilius 11, 14, 04 dies 1111111111 orbe 11111 peno 111, 18,
(111111111111111111111111,4,00 ce· 10 1111111 11111 111110 daun 11
1111111111 111, 11, 11 111 unde 1101111111 1, 11,11 11111111
Celebnrunt 11111111 currus 1111111111 1, 1111111111 11, 1, 80 111111111111 11, mu
11, 1 celebrate meu 11111111 111, 1, 11 0111111 1111111111 Luna 111, ὅ, 11
celeres 11111114 1,11,1 1111111111, 0, Cocta gramine 11,4,8 11111111 Pati
18 110,οο cocwnggere 111,11,11
Cenum 1111111111 11111 11, 11, 01 11· 01111111111111111 1111111111 11, 7, u
gemmssiue 11,]1,41 01111 1111111111 11, 0110 11111111114,
cmm nepotum 11111111 111, 11, 11 11111111,1,101
Cernen 11111111 ,1111 1, 0, 14 emi· 011111 hie 1111 11111111 ene 11, 4, u
11111111111111111111111,4,0 1ο11111111111111111111111111111,11,10
011111111111111,11,10 Coerule 1111 11111 11, 10, 40 1111111 11,
01111111 quid 1111111111 me 1111111 111- 18, 11
beni· 111,1.11 01111111111111 11, 10, 11
cm· Dens 11, 84, 00 uu 1111111 11 01111011 boeda· Quirina 11 mh 11,
11,14,1011111111111111111111111οἰ,0, 1,11 cogor 1110111 nm 1111111111,
10 ,1111111111 111111 11111111, 10,14 110
1111111110,1111111111111111111111111· 01311111 ungo· 1111, 10
toribus 11,1,11 1111111 1111111 didici 111 Cognomina 1111111 beorum 11, 1, 00
mom 1110, 10 1111111111 1,1,10 cmm 1111111111,0,11 hp·
11111111 11,10,40 1011111111,10,11001- 11111111,11,11ω;111111 11101 111, 11,
1111111111 1, 8,11. 11, 10, 10 11 cognitu 1101111 mh 1,1, 14
011111 111111 111, 11, 11 111111101111· Cohibe gaudie 1111111 111 1111111111 11,
*niumm 11, ¹⁴! n “u ω
0111111111 111, 11, 41 otum Coiere 11 unum 11111111 111,14,10
1111111111111111111111111111,0,10 1111- 111111111111111111,0,10 1111111111 ’111,

1111111111111111111111111111111111, 0, 1,0411111111111111111,1,11111111 1

11 1111111111111111 111, 11,8 1111ΡΙε1411111
choreis 11111111 1, M 1111111111111, chorus iii, 0,10

10,11 0111111111 1111111111 11, 10, 18 verb·
(1111111Ρ111111111 111,0,10 ebor! ρι- mee 111,1,8 connino Helieone 111, 1, 10

1111,11,1111οι111111111111,1,111 culn nabore venus 11, 1111 ,1111 1, ,

11111111-111111111 11, 1, 01 chero 111111 1, 1, 10
11,Η1111111111111111111,1,18 111111111- Coun 1111111 11,·1,18 berem ie, 1,

 

