11 morantium, 111

1,1,11 10111101 11,11111111001111, 1010111101 ieret 11, 11 non 1111
M 1111111011,11,11 11111101 111, 11, ta 111111 11, 11 rapere 11,1,11
111111011111,11,11 011011111,1,111’ 1(01010111, 0111111) 11, 11 (vid.
1111011110 11, 1, 11 ignibus 1111111111 1, 1,1,1 1100111111111111101111 011100-
11,1 111001101111 111111 ponitur ἱ, 11, 1)
Igno-cae 11,1,11 ignom timori ii, imno 001001 111, 11, 11 (miii im·
1,11 mptum). 1110111111 111, 11,1 imi·
1011011111 11,11, 1 10110101οα 101111 verbu 111, 11,1
1,1,110110111 0011111111 Inachidos 1,1, 1111101110 1001011110111111,1,11
1110οΙ111 1,11011111110110 1011111 .. 1010010111 111 quitquid 111111 111101
1111111111 111, , u, ,
11111.ῗοῖ tu· 11111 i,' 11, 11 01111111 111 Incedere cot· ii, 1,1 1111111111
1111 manet 11,11, 11 1111101110 long· 11111 1010110111010111,1,1 111100111111,
0111101111111 11, 11, 11 1111101111· 11
0111111 1,1,11 (intelliguntur 11111- 1101111111011110111111111111111111
0110010003ᾞέιὲῗέ 1010010110 1110111111 ιίδ1111111111000011111101ῃί5, lui, 11 inciderit
1 u 1011111111- 111101 111111, ,
bunt. 11111111 i, 11, 11 10111111111011110101 011 11,11,1
111111111οω11,0,10 11111111, 1, Incipiam 10111111 111, 1, 11 incipe
11 1111111 includere 11, 11, 11 1111111111
Ῑω111101111111,1,11 11,1,8
11111111 exemplum 11,11, 1 imbuit 111Ιί111111 non 111111 quisquam 0111101
Lyciam 111111 mimo· iii, 11,1 11, 1, 11 inclinata 0111111111 11, 11, 11
111111101101 1111110111 1,11,1 11111- 11110111 nobit 1111 dia 11111111 11,
abactam 11, 11, 11 11, 11 1111011101001111 11,111 111111-
“ 111101111111, 11, 11 immaturum mor· 11111111οι10ωο 11, 11, 11
111 iter 11,1,1 lactentum 11111111 1,11,1 011111
10101001ωώ1οη 1,1,11 110111 11, 11,1 increpuere 11111101 11,
Immittit 11111 111, 1, 18 1, 11
tumim 11111101 111, 11, 11 Putat 11, 1110011111 1111111 11, 1,1 incumbent
11, 11 uadit i, 11, 11 0111111111, 11,1’1
1111011111 ero ii, 11, 11 1111111, 11, 10111111011101111111 11, 1, 11
11 101111111010111 111, 1, 11
immundi· tenebris 111, 11, 11 im· 111111111011 iv, 1, 81
1111101110 11,1, 11 1111011111 1111 currere 1, 1, 11
11101111 tibi 11111 1, 1, 1 1011111110 Induit 10111 0011111 111, 11, 11 indue
’1 111, 11,1 110111011111111111,1,11 1111111111 0101111011101 Propertii 111,
111 11ῃέ11 ⁹⁶ μ’ ³⁹ ⁶' ῃ imm 1011111011011111311111 nocta tv, 1,11
111011111111101110 11,1,111 inductum 00111 11,11, 11 inducto 00-
11001111υ11111111011111111111,1,11 1100 11,11,11
10101111 11,1,11 11111111 lyncum 11,1, 11
1110111111110111 11, 1, 11 laen 1111111 1, 1, 11
11101111111111 pedamen· 11,11, 11 latmi 11 Jupiter 111, 11, 11 1011-
1 11111111011001110111111,1,11 11111011110111,11, 11 infimatur 11-
001110 11011 Luna etntntn 11, 1, 111011 111, 1111
,11 imponunt 011 perum 111, 11, 11 Ι1111111111100111,11,11101010111,11,
111001111011111010111 tue 0111101 vota 1 non infamandos 111, 11,1 ·
11,1,11 impositu· fronti 01 11,1,11 1111110100111111111111 110111 10111 1,
imputa 1010111 11, 1,11 impositi· 0011111 01111 11,11,.18 ,1011111Ι 111, 1,11
bun 1,1,1 Inferior dum judice 101011 111 1, t.
1111011110 molliter toro i, 1, 11 1111- 1111111111011111,1,11
01111110111110111,11.11 111111101111,11,11 1111 11,1,11
1110101111 Amor 1, 1,1 Cerberus 11, infernos 11111111, 1111 inferna iege·
11, 11 improbo ii, 8, 11 improbe 1, 1, 11, 11,1 infernum 1111111111 11,1,11
11 1111111111 11, 11
imprudenti 10111111 occurrit i, 11, 1 1111111110 nihil 1111111 i. 1, 11
Impulit 1111101111 10001 1, 1, 11 0011111101111011011 11, 1111

 

