11111 0. 0000000 00000000

1111 virgatis jaculantis 01 0000100 braccis
Torquis 01 100101001100000 0010.
1100000011010100001010100001110. 00000 Feretri, 45
000100 quod 00010 100 1001100000 ducem:
Seu 0010010100 0010100010100000010001001,
Hinc Feretri 11010001 ara superba 10010.

100110. 1010010100010 000011οω00, 00000100001010011000111000010101000
00 00001010001101001111. 101100 1010 1010 000110 10100010 0000010, 00000 000 0110
0001οο01010 101100 10001011 0010 0100100000 00110 00111001000000101101001110001
ra· am· 0000000000 10. opu· 010. aetum 0001 00000,- wau
1110 0001110 100010010101000100 0000000100 001.

oueeuonee

1000110 10001110101111. 0011. 0010 0001010100. 00 11010. 0101100110. Cen
(1000001 11010. 6000010001] 110011 11011110 10101 001. 001. 00. 1100010000 01
Ρο0001000.-11“.10000110110000.10001110110001..10001011111.Ρο00000100101000
00100111000100110001. 110100. 1000100110 liber 8001.00010100,00011100011.
11111110111111.1111111111111111111111111
110000. 1100010110001. Βο00011011010.110001. 11000110 1111. 11000010 (10110.1
110011. ’1000101000 10011. 2. 1000010110 Voss. 1. 110000. 1. 1000010011 00· 00. Ρο00.
0.0. 100 Vm. 110100. 01 00. M. 00111. 10 1111. 0. ,1000100011 00 1000100, 001

001111 0010111011 1010010 01 unm 01. Alfi. 1010011100 1000100 1. 100101
11000εο01. 1010011100 0000000001 011000 00110110000 0010111. 1100010011 0000.
10000001110110 001000 0001001100 ,1000100101 01 00. Nam 01 1000100 001100
0001110000 1101101 1000100. Βο00010 1001 B. B. B. Lat 000101 xum—⁴⁴ 10·
0100 11010. 110000. 00110011. 111000 Pom—⁴5 1100 0. Voss. 1. 110000. 1. Fere-
100 11010100. 1100000 triantem-40 110100. corr. 1110001010,,010.001110001
0010, 000010. Pro 0010001000 001001001000. 1. 11000. 1. Pro 00010 001 01000
110001. 1100010100 8001. ,1010100000 100011 q. 011. 0010000 11000. 0. 0. 11000
colat. Dmd. 100 Vm. 11000. 0111. 1101001 correctionem 0001100001 ejusdem
Pon. 001. 0111011. 10 01100 Nomina—ss ‘Quis 0. 1011. 1. 01000001
110001. 110000. 10 00010001001100 00010 0 1100011. 0000101000 001

Ξὺέἓέὧίηιὶοῧ nn. 1100 000011000101 1001001001110010011-11

Now

110000100000,001 00001110000011101- 41 710001101οα011 ,11000101οι0·
1100 100010, qun 11001110 11010 001, 010110100011101110 1100000010.
quorum 01100 0001010110111000 110- 11 0000010011]1100000100001110-
nonin, Forum (10000111, 11000000, 100. 10010011000010100001000010110-
11 Gau] 1100010010οι 001 110111- 0000 100001000001101110001000, 0010
0000,01001110010001001000, 000 00000 10010010, quod 100100 011 00011000.
01101 1010000001 000100 0000010000 suum 0000 0010111000101000 110-
0100000000101101001000001010000. 1000ιί00100οω0·οὴοΜ

 

