11 1111111111. xiii

11111111 iretur 1111111 11, 1,0 (Μι- 111111111 Mure 1111 1111111111 111111
m). quinque 11, 11, 11 11, 10, 10 01111111111 me iii, 0, 22 (1.

1111111111 itte cunjuge 111,11,10 1.111111111011111111011,1101111). 0111-
nnn 1111 limine 1, 10, 01 diunt 111111, 1111 01011111111111111111 titanae·
pen 111,011.11,0, 00 1111111111 11, 0, 12 1111111 rumore 11111 1, 10, 10
digne 11111 111, 10, 08 0111111111 11, 2, 00

1110111111 vetent 11,1, 117 diderit Docte puelle 1,1,11 11,11,0. 11,
Theseus 11, 21, 10 10, 11 docte vincere signe 11, 0, 21

Dirae, 13111111, 1111111111, 17, 0 dilue· docte 11011111 111, 20,1 docter 10111111
111111 1111111 11,0,12 1,11, 10 doctr 11011 11, 00,10 11111 11,

Dira 1111111 11, 00, 22 0111111111 111, 10, 12
10, 00 dirue tibi cecinit pagine 111, 20, Dolet rne frigide 1111 1, 10, 21 11111
17 01111 1101111111 11, 0,10 1111111111111111111111 111, 8,10 dole·

Diripuere verbe iv, 7, 22 direpti· 011111111111111111,10,10 dolere 11
courir iv. 0, 01 1111111111 iii, 0, 20 0111011 reliquid 11,

1)11111 ire 11111 11,0,11 diruta Τ1111 0, 10 011111111111111111111 1, 10, 27
11, 1, 110 011111 11111Ρ11111111,20,01 1)1111 virgineis 10111 repleverat 11111

Discedere 10 1111 111 1111, 12, 10 11, 1, 01 111111111111111,17,17
11111111 tempu· ii, 0, 0 1011111111- Dolo nocturno 11, 0, 0 0111 111111 111,
11111 11, 7, 7 7, 12 01111 0111011 111, 20, 10

Discere 1111111111 puellae 1, 0, 20 011· 1111111111 potest 111111 01111 mentibus
11111111 111111 une dumo 11, 21, 21 01- 1, 11, 10 1111 11, 2210 tantur 1111111
0111 reticere 1111111011111111,10,10 1111 erepto 1111111 11, 0,οθ doloris contemti
11111 11 rmore iii, 0, 10 didicit 11111111 1111111, 10, 0 0111111111111 cogor 1,7,7
hoc 1111111 opus ii. 0, 02 1111111011 0111111111111111111111011111 1,1,00
1111110101111111111 iii, 11,0 01111111- ergutn i, 111, 20 0111111 quicumque 11-
nete dorni 11, 20, 22 timere exemplu 111111111111111,20,27111111111111111
rnen iii, 11,0 timere eventurn 1111111 1, 10, 10 111111111,18,0 humanos 111·
tun 111,20,10 quid fugerit Esquilias 11, 011111 111111 11, 1, 07
8,1 0111111 non temere 1111 bonne 11, Dourerepueiieur 1,1, te (1111111111
21, 10 Β1111111111111111111,20,02 domet

Disci pontiur 111, 11, 10 0111111111 queque pneiit 1, 0,0 do-

Discordia 101 1, 2, 11 Eumene 1111 miti juvenes 11, 0, 00
1111111111 1, 22. 0 Domine 1, 0, 17 1111 1, 1, 20111111

Dircuueit 111111 1111 1111111 11, 20, 20 111111111111111111 1, 1, 21 1111111111·
011111111011111111111111111 111, 10, 10 111011110111 1, 10, 0 dominre puerum

Diserte 111111 111, 20,0 11111111111111 1, 10, 10 1111111 pu·

Disper 11111111 1, 20, 0 11111111111111111, 100111111011111

11111110111111 11, 21, 10 1, 7, 0

1111111111,111111111111110111111111 Dominum te 10111111 11, 01, 10
11, 21,0 1)ο1111111111111111 Cynthia 1, 11,Ξο

111111111111111111110111111111111111, humide Nymphis gnta 1, 20, 01 11111
0, tt 1111111111 111, 2, 0111111111 111, 20,0 1111-

Dirponere 1111111 versu 11, 1, 07 111 111, 0, 10 domurn entiqurrn 1,10, 10

11111101111111111111110111 1,12,1 11111111 11, 20, 12 1111011111 11, 2020

10111011101011111111111111 1, 11, 20 111101 111, 0, 20 domo 1111111111 11, 10,
robis 1111111111 proximus ii, 21, 22 00 tenuit 11, 21, 12 1111111 11, 11, 02

1)1111111 tenesne· Luna percurrens 1, domos nigrantes iii, 12, 00
0, 01 01111111 iterum conjungere 111111- 11111 hortorum ir, 2, 12 0111111
111110,Ιο exercent 101111 111, 0, 01 11111 1111111

1111111111 110111111111111 11, 0, 20 8111111111,21,11 111111111111 11,Ι 10,

1)1110111111110111111,12,10 diride- 20 11111 non 1111111111 111111 11, t,
1111111111111,7,001111111111111111 rt tibi 01111111, 101 0111111010
111111,12,0 1112112 011111111111 1110, 20. 111,

Divitia 1ς1111111111,10,20 (11111111 17, 10 , ¹
Α1111 veteres cernere 1, 0, 11 01111111 1111111101 ruenni 111 1111111111.
11111111110 27 01111111111111111111,17,71 dom·
, Diume textercireneduio 11111111 ii, bitur 1111 111, 20, 21 ·

0, 0 Donec 0111 injiciet 110111 11, 0, 80

 

