1111 1111111

1111111111111111 letto tv. 1,11 ιι 1111 jugem 11, .

1111111111111,8,8 111111 11111111, 18,4111111111111,8,88
ο, 11 lenit 1111111111 1, 8, 18
languere 11111111 1111111118 lenire 11111111 11, 8, 88 tentem
11, 84, 88 languent quin 811 11, 8, 48 111111 1111111111 111, 81, 88
languescere te 11111 1, 18, 18 lentus 1111111 1, 8, 18 1111111 quie 111
languidus 1, 8, 88 11111111111111 1, 111111, 8, 88 tene· 1111111111,11,19
8, 8 languide euge ii. 18, 8 1111111 111111 emove 1, 18, 4. 11, ”M
111111 1111111111111111111111 11, 88, 111111111111,18,4. 11, 14, 14 nde 11,
18 11, 18 tento murmure 11, 4, 18
1111511111111111111111 111,1,811 leonii 11111 11, 8, 44 leona meo·
11ρί1111 1111111 1, 8,18 11111111 not· ii, 18, 81
1, 18,1 1181111 111, 8, 81 11111111111111 11, 18, 88
11111 11111 1, 4, 84 1111111111 1, 11, 81) Leti 111111 111, t, 88 1111111111 111,
81111,8,481111111111111111111111,18, 18,111 11111111111111 111,18,88 len-
8 in lepide 11, 11, 88 111 lapidee 111111· men 111111 poet 1111 11, 11, 88
eet 11, 18, 48 111111 erma per 111111 11, 4, 88 lent
11111111111111,88,88 1111111811- 1111111111 dicere 1, 8,84 netem
1111111111 111, 8, 11 111111 sublimi· 111, 1, 8 lentur digiti·
hegibee 11111111 somno 1, 8, 88 quinque 11, 11, 14
1111111111 lorum 11,8,111 1111111 Ce- Levi· lete 11111111 1, 8, 88 medicine
1111111,84,8111111111111111111,8,8 1111111111 te 1111111 1,18, 11 tm
11111 nee 8111111111 111111 meum 11111111 1111111111 melum 11,8, 18 iem
11,18,88111111111111111,18,4811111111 culpem 11111111 11, 1, 48 11111111 1111111
11, 88, 88 11111111111111111,8,8811111 11,18,
11111111 11111111 plep'e 11,8, 81 11111 4 1118111111111, 4, 8
virgineum 11, 8, 18 niveum 111,14, 11 Leviter subjecto 1111111 1, 8, 18
1111111111 11,1,18 111111111111111111111111,18,88 11·
11111 dnm 1111111111 11, 8, 88 11111 1111111111,11,1
1111111 dominnm 1111111111 11, 8, 11 1111111111 111, tt. 18 ie 1111111 111,
141111111888 8818 113111111111111,11,8 11111111
11111111 hec poterunt 11111111 11,18, antiquie ii, 81118
-41 laudet ementem rogum libere 11111 111111111111111111111,4, 18 lilium
11,11,18 1111111111 11111,11,8 iett- 1111111111,11,88
(lemme 1,1,11 1118118111111111111111 ¹ libent mihi perdiscere 1111111 uetur&
1, 4,1 11, 8, 88
11111111111111111111111,8,88 11111111 111411 1,11.18 humei ii,
111111 pure 11,11, 18 18, 88 118111111111111 1, 8, 18
laurigero 1111111 11111 111, 18, 88 Libenter 'ere multi i, 8, 81
111111 eupereddite bueto 11, 18, 88 1111111111 ue etit 11, 88, 84 tien ‹lu-
11111111 11, 88, 88 111 1111111111 1, 8,4 118111111111 1, 8,ῑ
teeti 1111111118, 14 lectum 111111- 11111184
eum 11, 11, 88 lecto 11111111111111 1, 8, 111111111111 11,1,8 turpi· 11,8,4
88 mortifero 111,18,11 libere 11111 11,11, 18 top lv, 1,
1118111111 11,8,18 A 18811111111111111,18,4
lecto mortifero 111, 18, 11 11111111, 1111111111 1111111111111111 11,1, 88
8,11 1111111811111111 11,11,88 pudi· 111111111111 1,1,88 11111 ennete
eum ii, 88, 88 1111111 iter iii, 18,4
lectulus 1111 11, 8, 88 1111111111, 11818111111111111111111,18,14
18,8 11111111111111,8,81 1111 11113111
111111 oppid· cepte titniie 111, 4,18 mori 111, 18,88
teges 1111Ρ1111111 1111111 111, 88, 18 quod 11111111111111111111111,88,18
1111 opu· 111, 1, 11 leget me neglectu· Liget loemine 81111111 nd 11111111 111,
emor i, 1, 18 111111111111111111111 11, 14,8
1,84 tegete· carmine 1111111 11,84,81 ligne retente 111,88,88 1111111111-
legieti 1111 1111111111 iegitur gem· rie 111, 18, 48
111111111111111111111141811111 ¹ 11111 eandida 111111 111111ήῦ1111.88,

1111111111111111111111111111 11,11,811 81 non 11111111 1111111111 elba 11111 11,
11110111111111111111, 84, 8 1111111111 8, tt urgente· 11,4, 88 1111111111, 18, 88

 

