110 11111

1110111 genu 11,1,1 11111011 1111 111111 ne 111111 1,
111111 11111111 1, ’10,0 ’ 10, 0
1111111111Ὓ1111111, 10, 11 11111111 11111111, 0,,10 1111* 111
1111111111 111ρί 1 1,1,10 11, 11, 00 111111111111111111,0, 10
Ingenium neum 1111111 111, 0, 00 111· 1111111 1110111 1111111111 11,1,101
hispan· 11111 11, 1, 0 ingenii nymb· (1.1. tepidae? ..
111. 0. 00 ingenio 1111111 1,1,1 11111111 Interim 1111 1111111111 11,8, 10
Remorum i. 1, 00 (1.1. 1111111) 1111111111 1110111 fii, 10, 00
11311111101110, 1011101111.00,0 11111111 1111111111 cdli-m 11, 1,
Inguae 1111111 1, 0, 00 111111, 10 00
11111111 1,11,0 1111111 11111 1, 10, 00 11111111 Dei 111, 10, 00
1111111111111111111131 iii, 1,0 11111111 1111111111 1111111 11111 1111111111 11, 11,
911111ιῖ11ιίιῖἐὲ tutum 1, s. 11 ⁸}ffipfffflomonm239ffi 1⁸¹⁸
hjiom hyacintho· 11, 1, 00 injiciat 111101 11111111 11111111 111, 0, 0
0111 1111111 11, 0, 80 injecto 11111111 11, 111111111111111111111 1111 1, 01,0
00, 01 inject· 11111111 111, 10, 1 injecti· 1111111111 1 11111111 1111111 11, M
1111111111, 10. 10 (nc. 11111) 11111111 011111111111 11111 1, 10, 00
11111111 11111, 0,Ιο 111 11, 11, 10 11110111 11111111 1, 10,0 1100111111-
11111111111111111111 1, 11, 00 111110, 11,11
1111111101 1111111 nulla 11111 11111111 111101111111111111111111,1,10 Du
111810 11, Β, 10 11111111 111, qu nqdmii.
Iniqui 1111111111 1, 8, 01 111111 1101 00. 00
i. 11,Ιο 1111111111ιί1 111,10,11 qun· 11111111111111111,0,00
11111111,1,01 11111ω,1)11111,10, 10111· 11111111 cogunt 1111 m 1, 0, 00
111111, 10, 10 110111111111111,11,11 inqui· 1.
111111 110111, 00, 0 10, 00
11111111 11111111 11 1111111 11111 1, 0, 111111 111 pudet 101111 0111·- 11,
00 111 i, 10, 00 1111111 11, 10, 01 00, 10 jocus 1111110111 1, 1000
11111111 1111 1, 10, 10 jugo 11, 0, 10 1111111 11111 1, ι, 08 111111, 10,Ιο
1111111111 111111 1,1, 10 11111111, 0, 0, femine· 11, 0, 00 111111-
Ι1111111111111111010 100, 00 1110 11, 10, 60 1111111 111, 10, 10 01111 11,
11111111111111111 iii, 11, 10 0, 01
1111111 1111111111 11111111 11111 11, 00, 11111111110111,0,0
00 1111111111111 1111111 11111 pud!- 00-
11111111 1111011 flumine qunn's 11111111 11111 1, 0, 01 ime 111 1111111 ponent-
1,0,10 111111 pue 1,0,111111111 111, ςι111,0,00 11111 11111111ιά11 nm·
8, 0 1111111, quid 11111 111 1, 0, 0 11111111 1111 11, 0, 10 1111111 Νο11111,0, 00
1111111111 1, 0, 10 11011111111111111, 11, 111111111111 1, 1, 18 pnes 11111 1, 0,
0 111111 111, 0, 0 1111111 1111111 11, 10, 0 11111111111111111,1,10111011111-
10 111111, 1, 100 11111111,1,0 11111111 11111111101111,10,0 11111-
11111111 non 1111111 11, 1, 00 11111,1,8 11111111,0,10 1111111111 11, 10,
Inseruisse digitum 111, 10, 00 00 111 111 11, 00, 00 pes 11111111, Ἁο0
1111111111 1111111110,οο per 1111001 11, 00, 10 whom 111, 0.
110111111111110111111,00,0 001110111111 iiiam 10111101111.
11111111111 1111111111 111, 0.οὓ 1,Ιο debili· 11, 1, 00 phun 111111 11.
1111111111 11111111 1, 0, 00 1111111101 111- 0,0 1111111011 11,0,0 111111111111,
mm 1011111111,0,001111111111111μ-
11111111111111111111111 1111 11, 00, 01 11111 111,1,0 111 mun 1111111111-
1111111111 11111 11111111111111, 0,00 tuor 111, 0, 00 111111 1111111 fibi fun
Institor 1111101111,0, 08 111, 11, 01 1011110111 11, 0, 01 ime
[multet 111 1111111111 01111 1111111111 11, 00, 00 11111111111,0,0
110,11111111,0,0011111111111111111, [11111111. 0,1
0,00 1111111 Mun 1111111111, 0,10 1111·
11111111 &him 11, 0, 01 11111111 1111111111 1, 10, 00
Α11011111111111111,10, 10 1111111111111 1111111111 11, 01,10
1113111101111111111, 0, 01 1111101111 11, 00, 10 11111111 1111 111, 10,
1111111111 11111111 1111111111, 00,0 00 1111111111 111111111111, 00 1111111

 

