111 1111111111. 111

1111111111,11,11111111111111 11111111111111111 1,11.7 ipre 11111
11,1,1 pudice 1111 11, 18, 21 duicie ii, 1111111 i. 11, 11 grcia 111111111111111
2⁰22ss 11,1,10 [1111111111 111. 10 3111111

111111 regne 11, 0, 78 ,111111 1111 1111111111ιί1111011111111111111111111
Deire 11, 11, 1 11111 undere ii. 11, 11 1111111111 11111 1,1,11
11111111111111 11, 18, 11 (1111111111111111,7, 70 ue grercuiue

Future 11111111 111 1, fl, 10 111111 colit uque 1111111 ii. 1,οΒ 31111111
11111111111111111]11111,11,11 intur· non ericymbu ingenii 111,1,11
Beernimpuiiiii,1,m 611111 mihi 111 111111 ii, 10, 10 atre

111, 0, 01. 111,21,11 grave servitium 1,

(1.

1,1011111111,0,ος111111111111,0,
01111111111111 11, 9111 gravi 111111
111, 8, 10 somno oculor 11,19,10 gre·

Greec 11, 10, 11 (hesic 1111ςὶ11111εά vihue querelis 1,10, 18

lever quc 011111 unu 111111 (1111 poterunt)

Grcritcie de 11111 ce 11111111 11, 10, 11

(11111 111ρί111 11, 10, 20 gnie· 1111111 6111111111111111 quereber 1,1,10 gre·

cqucrrr 111, 12, 8
(1111111111 11 poscet ii, 18,17

1111 11111111011111111111111 1,1,11

Gregee 1111Ιί111 111,17,11 gregibue

(11111111111111 i, 11,1 pudet quie custodum iii, 0,11

11111111111111111111111 i, 11, 11 gaudet
irc superbe ii, 1,8 111 1111111 Cynthio
11, 8, 18 gaudeat 111 puero 11, 1, 18 1111
1111111111 111 11, 8,18 gaudebam, iepeoe
11111111 11111111 1, 8, 18 gerice 111
Cynthia 11311111111111 ii, 1, 1

(1111111111 11111111111 1,1, 11 (1111
1, 9,10 prime i, 11, 11 attingere 1, 19,
0 quecui uoiiegi ii, 11, 9 111111 111 11-
1111 11111111,11,10

6111111111 ir, 10, 11

Gurgite inviro 11111111 1, 11, 11
Gutture 11111111 eecce 11, 1, 01
Gynrrrccii virginci 111, 11,1
Gyras pmccriptos 111, 1, 11

H.
Habere 11111111 11, 10, 10 1111111111·

01111111111111,8,1 gelidis 11011111 111011111111111,17,1 ceput 111 ron

111,1,21 metum 111,11,0 cognomen

Gelu 111111 cubile spurco 111, 10, 18 11, 11, 00 1111111 semper jubce 1, 8, 10
6111111111111 ,11, 11, 11 gemet 11 1111111111 11,7,78 1101111111111111

111111 11, 0, 11
Geminae 1111111 11, 21, 11

1111111 11, 21, 1 1111111111 hu 1111111 11,
11, 10 nuile 1111111111 pondu· diu 11, 11,

(11111111 iegitur rubris eub 1111111011 1, 11 ornnes ignis 1111111 11, 10, 10 hebent
1111111111111111111 111,1,1 gemmis pondu· pie 11111111 11, 7, 08 1111111111
nulii· 1,1, 11 gemme Iudice ii, 11, 10 1111111111 111111111111111111 111, 8, 11

Gemmiieri 1111111 111,1,1

habe renrper 1111111111111 tue 11111 11,1,

(11111 eciem ii, 11,0 cornicum 11, 89 1111111111 quicquid 11111 11,1.11

1, 10 111111 11, 8, 111

1110111111111 111111ιί1111 11, 1110

(11111110 pru genic digne 1111 11111111111111111,1117111111111111111
11111 honos petendus 111,11, 10 genic· 11,11,1

devicta ii, 7, 0 miserus iii, 1,11

111111111111111111111111 11, 10, u

(1111111111 1,11,1 infidum 111111· ’111111111ρ1111111111,10,01

rum iii, 11,11

1111111 11111111 11, 10, 17 herebac

(111111 1111 11, 10, 01 gere 1111111111 1111111111 11111 1111111 1,1, 10 1111111111
ii, 18, 11 geete omnic per 1111111111 111» 1111111 1, 19,1 11111111 11,1,1 1111111111

mmmm
Gigantum tormenta iii, 1, 80

1111111 rm 11, 1,110

1111111111 renue 111, 11, 10 (111111).

11111111 11,],11 mor· 1, 11, 111-11111111710011)

n denquoeriiur ii, 01,9 ieiunarit 111111 311111 11,1,11 pun 11, 1,10

111111111111111 1, 8,10 1111 in 1111111

peries iii, 11, 18
(31111111 Mum ii, 11, 1

1111111111111,11,11
Hedera 1111111111111111 111 1111111

1, 1, 10 cuju· 11111111 circuiere 11, 1,

(1111111111 i. 18, 8 expenso 11,1,11 10

3111111111 impressis i. 10, 11

(1110111111 i, 1, 10 magne 111111

'tui 11, 10, 10

Hedum 1111111111 11, 1, 1
Herbe jugie Prometheieleeu 1, 1110

111 iric 11111 11, 1, 7 1111111111 eiu

 

