11 1111111111. iiii

1111 11, 11 11010111010001011311111011110111 hn-
1111011111111 1114,οθ 1111115011 101011111110
11, 11, 40 1111101111111 increpet 111101 iii. 10,
111111 totam 111 11101101 1101011 10
0301011ἰί, 1, 00 111110 1010111111 111- ,11111101111 10 11, o, 11 (11, 111,
Ι111 1110110111,14,00 11111101οψ 111101111111. 11101118)
0111111111 ii. 1. 11 11101 11, 1, 48
1010111111 (0101 1111110101) 11100111101,0.11.11
1111 Ρο0011 iii, 11, 01 101111 11, 1, 1011 11101111, 0,11 iungitur 1121,
01 (1.1οῐ01) 14 011 uiuit 0111110 001101 in pei·
111111301111111 lllyriamvigue 1100 iii, 11, 10 110011Ρο0111 1011·
11, 11, 10 myrice tem 11, 11, ι pl· ii. ¹⁸. 11 (1001010. quo etAr-
1110111111111 Nilo inponit 11010 011· [ivn 1101111101. AEn. iii, 047). Ju-
110111 Ausonii· 11111 11100111111- 00010101 1010111οη11.1111 iunoni
0111 0111011110 110110 1101111 110010 11,111 'otum'
101001011100111,11,1 1110010 110- 111010 11,11101
10100 1, 11, 11 (1. e. Argiva 1111010 1111101111 (0110111111 01.
10 ere) 11111110111111.) 1111111001
ndi: 11101111 triumpho ii, 10, 10 iii, 0, 10 1011 1111110111, 1, 81 ignoro
111111 1011111111, 10 101101 11111 ium 11111111 tun 11,1,4 qumvis 1110
113111111111101101111111111 011 1101111110010 10111101 ξ11, m
1111101100101 11,1,10 ( 1111111110 10110 Feretri 111011 11,10,1 utrum
11111001011111011111100). 1111111111 mosum Lib 11 iv, 1, 101 1111 Ze·
11111 11011111,10,11 1110111111 1101011111’1111,10,11 11011 iii,
1111 10101101 111110 1110 conche 0, 41 1111 11,4,10 miqui 1110111
1, 8, 10 capu iv, 4,1 011010111111111, 1.
imprimente 101111 111111 011 11, 10 inimicitia 11,11. 10 1011110111
18, 10 corruit 10100111111 hiio 001001·
Iovem caput 111111 1110101· 1011111111 111101 11110 mm
11111111110111,10,10 ungue 101 101011111111111,11, 00
111011111 11111 11111111 0111111, 11110 1111 01011111 iii, 14, 10 0 po·
1,14 1010111011 1111111 vicinoniam
111011,18,01.11,1,10(101101ω· 001 μ1011111,1,10 mgna guia
0111110) 111110111101 11, 14, 40 prim 100111·
1101 11, 11, 11 0011101111101111111, 1, 10 ,101011 003-
100111101111 1, 11, 11 00100, Antiope iii. 11, 41 11111001 101
1111111111,11,10 100101111111, 011 10110101ωωὶ111111011111111·
² (1011111000 idem 111011101011 11110 10 Cam 11, 0,1 iu· 1111 mhi· omi
(11101 Iuliam 01 Gracina interjectum) 111110 1, 11, 11 Jove dign· 11111 11, 1,0
1101, 14 10110 1011010, 0, 00 Ixionis 01000 111111 (1011001 1-
Iphicli 00101 11,1,01 pud 111010111111111 01111111101.1,0,
1101101111111111 10 1011111114 10. 01111111, 11. sq .)
(Agamemnonis 01 C ytamnoetn 1110. Ixioniden 1011111110101010110101111,
01111011. 11) 1, 11
1111111010110 iii, 1, 11
110οο101000 lapitha genu· 11010110
1111111010 i·
111111 puri 1101 11, 1, 11 110011 1111101111Ρώ 10111110 11,
11111111 11011 Thraci· 1111111 11011
Ιιι1111111111111,11,0 1111111111 110- 1110111 pugn 1111111 (11. 11
mm ii, 11, 11 gymnasiis)
111011011οπ11111011011111010110111, 111111 Ephyren 0101 1,0,1
1111 1111111011010111111,11,1 11113011,1,41(011101 ncilla)
1111101011 10110111114 regione· lampetio. Phoebo juvencos 1110101
111101 10101111110000111110111 111, 11, 10 .
101101 11, 1, 40 Lanuvium 10101 011 111011 Davom
1111101111 111110 11111 01ρι iii, 1111111111 111111111 1111111111
1,4 0110111,8,48(10.111110>
1111011131111 10110 Calypso i, 1⁵, 0 111111001110101 ii, 14,1

 

